index	Npeaks	SP1	SP2	SP3	PeakWL1	PeakWL2	PeakWL3	Sinv11	Sinv12	Sinv13	Sinv21	Sinv22	Sinv23	Sinv31	Sinv32	Sinv33	FWHM1	FWHM2	FWHM3
0	2	44748	0	0	505.914289	614.2813052	0	-0.398411474	1.259903596	1.025911637	0.752656263	-0.099247137	0.020958335	0	0	0	14.26460175	22.90707427	0
1	2	44748	0	0	505.914289	614.2813052	0	-0.398411474	1.259903596	1.025911637	0.752656263	-0.099247137	0.020958335	0	0	0	14.26460175	22.90707427	0
2	2	44504	0	0	506.3181366	615.9095098	0	-0.364495855	1.176188483	0.92495601	0.765202521	-0.106846281	0.0353548	0	0	0	15.09912909	22.79424699	0
3	2	44248	0	0	506.9382743	617.3439037	0	-0.337134853	1.104043956	0.858529224	0.777804247	-0.110892649	0.040502986	0	0	0	16.23087477	23.16473398	0
4	2	43978	0	0	507.8538488	619.0121786	0	-0.30583115	1.024327027	0.765801354	0.791422918	-0.119844507	0.057266778	0	0	0	16.51291242	22.66593783	0
5	2	43666	0	0	509.0977574	620.8469159	0	-0.278237594	0.95500646	0.689725545	0.799175554	-0.12899134	0.070664975	0	0	0	17.24490964	22.21616876	0
6	2	43342	0	0	510.0601346	622.6531667	0	-0.25327961	0.879268856	0.623369971	0.863335503	-0.143108203	0.08429736	0	0	0	18.37076827	21.65932089	0
7	2	43048	0	0	511.3359227	624.2851672	0	-0.23841112	0.844639486	0.575735731	0.878215462	-0.152799902	0.103184353	0	0	0	18.577071	21.18884467	0
8	2	42762	0	0	512.6410579	625.8674836	0	-0.230111072	0.825044037	0.550044233	0.893652339	-0.160007033	0.114602944	0	0	0	18.58694859	20.89169783	0
9	2	42421	0	0	514.1517243	627.3012982	0	-0.218742338	0.794242532	0.518235206	0.911636412	-0.168136302	0.126068664	0	0	0	18.5484943	21.42245501	0
10	2	42156	0	0	515.0403214	628.6893439	0	-0.209994161	0.773799248	0.488354141	0.922498124	-0.17672722	0.142210163	0	0	0	18.59033232	21.21259358	0
11	2	41863	0	0	516.3702314	630.2245406	0	-0.206233859	0.763099194	0.471907114	0.941013935	-0.184051453	0.153923333	0	0	0	18.18199287	21.34892856	0
12	2	41531	0	0	517.4774165	631.9369428	0	-0.199155531	0.745591688	0.443422031	0.960269196	-0.194818864	0.174626587	0	0	0	18.43740426	21.66755925	0
13	2	41210	0	0	518.8027258	633.305422	0	-0.208594081	0.778111949	0.456456728	0.924336074	-0.189092695	0.173872734	0	0	0	17.74874872	22.46489742	0
14	2	40906	0	0	520.1131956	634.8704879	0	-0.205648389	0.770593929	0.440644935	0.938567941	-0.195788953	0.187599381	0	0	0	17.41605683	22.66177639	0
15	2	40493	0	0	521.3218965	636.9858183	0	-0.204277027	0.764159078	0.423347556	0.961435979	-0.205272545	0.205314903	0	0	0	17.76855614	23.20648456	0
16	2	40138	0	0	522.7124801	638.8372911	0	-0.206267446	0.757505472	0.428103313	0.982911128	-0.206981093	0.199705025	0	0	0	17.34963734	23.44243546	0
17	2	39769	0	0	524.1720068	640.7339915	0	-0.206939662	0.751442894	0.428117697	1.003590132	-0.210591874	0.199031229	0	0	0	17.33597238	23.5611704	0
18	2	39382	0	0	525.2629457	642.7070415	0	-0.210013864	0.743648145	0.442603498	1.024763582	-0.209515767	0.180111992	0	0	0	17.98089024	23.52230515	0
19	2	38981	0	0	526.7838709	644.6991203	0	-0.202007413	0.689389888	0.434642851	1.048108521	-0.206232758	0.15223784	0	0	0	18.00666761	23.42886611	0
20	2	38481	0	0	528.6216693	647.0623671	0	-0.206961195	0.680272929	0.469953264	1.078039374	-0.200797368	0.102352058	0	0	0	18.47784184	23.36539267	0
21	2	38137	0	0	529.6967931	648.7050781	0	-0.213236666	0.675034929	0.47800432	1.096529239	-0.196707289	0.090149999	0	0	0	19.31133749	22.91851783	0
22	2	37700	0	0	531.3272678	650.6954162	0	-0.221715215	0.666835704	0.504276576	1.121198561	-0.189991467	0.049888885	0	0	0	19.37791017	22.56141403	0
23	2	37248	0	0	533.0034696	652.6510106	0	-0.229195932	0.66139078	0.520250693	1.145198263	-0.186044243	0.024930927	0	0	0	19.3247336	22.22091543	0
24	2	36696	0	0	534.9451968	654.8567183	0	-0.233685778	0.663021357	0.496830381	1.238019089	-0.205350996	0.062155611	0	0	0	19.1607787	21.90090094	0
25	2	36316	0	0	536.3909141	656.4559813	0	-0.234466942	0.665681513	0.470121187	1.24955705	-0.214534791	0.103544163	0	0	0	18.70811044	21.60567197	0
26	2	35736	0	0	538.3231452	658.6319132	0	-0.233277683	0.676217505	0.395326711	1.261745039	-0.236210482	0.22642189	0	0	0	18.400552	21.47612569	0
27	1	52164	0	0	554.0473012	0	0	-0.167038819	0.897291038	-1.106291748	0	0	0	0	0	0	20.36692413	0	0
28	1	52064	0	0	554.8201114	0	0	-0.116083144	0.941280185	-1.354217723	0	0	0	0	0	0	20.73087834	0	0
29	1	51931	0	0	556.2243226	0	0	0.015262253	1.043953004	-1.983732647	0	0	0	0	0	0	20.72875655	0	0
30	1	51811	0	0	557.1621125	0	0	0.230499789	1.189587697	-2.958302516	0	0	0	0	0	0	21.34865939	0	0
31	1	51680	0	0	558.5611892	0	0	0.382084013	1.305286442	-3.673752276	0	0	0	0	0	0	21.60315428	0	0
32	1	51545	0	0	559.946926	0	0	0.679889519	1.419721666	-4.845915769	0	0	0	0	0	0	22.17152035	0	0
33	1	51402	0	0	561.2668276	0	0	0.86484934	1.533626044	-5.608722012	0	0	0	0	0	0	23.48824731	0	0
34	1	51220	0	0	563.2522566	0	0	0.894320749	1.558092816	-5.713358528	0	0	0	0	0	0	25.53618211	0	0
35	1	51053	0	0	565.1690104	0	0	0.852168259	1.484067068	-5.415310976	0	0	0	0	0	0	28.11688423	0	0
36	1	50890	0	0	567.4254876	0	0	0.779067867	1.398410066	-4.970780383	0	0	0	0	0	0	30.02810167	0	0
37	1	50777	0	0	569.2472668	0	0	0.776319751	1.393168314	-4.923232758	0	0	0	0	0	0	30.40965112	0	0
38	1	22201	0	0	570.4586719	0	0	0.840041142	2.145668329	-6.419130989	0	0	0	0	0	0	23.57237805	0	0
39	1	50697	0	0	570.7580252	0	0	0.759151698	1.375092468	-4.776463651	0	0	0	0	0	0	30.39147775	0	0
40	1	50632	0	0	571.6910232	0	0	0.757882539	1.366256357	-4.724451867	0	0	0	0	0	0	30.45354899	0	0
41	1	50564	0	0	572.9153012	0	0	0.775180511	1.413201939	-4.853811652	0	0	0	0	0	0	29.85960829	0	0
42	1	20643	0	0	573.9204868	0	0	0.890419911	2.142332596	-6.5451341	0	0	0	0	0	0	23.56713956	0	0
43	1	50482	0	0	574.2907527	0	0	0.765581922	1.412175371	-4.840819988	0	0	0	0	0	0	29.19750642	0	0
44	1	50362	0	0	575.822164	0	0	0.754718188	1.422170717	-4.878659142	0	0	0	0	0	0	27.76049122	0	0
45	1	19185	0	0	576.7770928	0	0	0.958033135	2.284598334	-6.908239097	0	0	0	0	0	0	21.15300675	0	0
46	1	50206	0	0	577.6690341	0	0	0.779195932	1.478909148	-5.049721495	0	0	0	0	0	0	25.34130495	0	0
47	1	50052	0	0	578.9272132	0	0	0.759645741	1.444364833	-4.894060466	0	0	0	0	0	0	23.5528071	0	0
48	1	17528	0	0	579.0612833	0	0	0.884516266	2.173507241	-6.355734855	0	0	0	0	0	0	19.03180042	0	0
49	1	49893	0	0	580.3559782	0	0	0.793230366	1.518059037	-5.164996583	0	0	0	0	0	0	21.40124604	0	0
50	1	15919	0	0	580.8643622	0	0	0.90104456	2.304862459	-6.345597102	0	0	0	0	0	0	17.42149593	0	0
51	1	49733	0	0	581.3488428	0	0	0.781055938	1.504732254	-5.16274588	0	0	0	0	0	0	20.47096624	0	0
52	1	49543	0	0	582.7292078	0	0	0.751317323	1.442056666	-4.896550959	0	0	0	0	0	0	19.02937212	0	0
53	1	13697	0	0	582.798865	0	0	0.786753296	2.148232069	-5.302346642	0	0	0	0	0	0	16.36505308	0	0
54	1	49321	0	0	584.2438564	0	0	0.743875624	1.440271997	-4.976229583	0	0	0	0	0	0	18.26241369	0	0
55	1	11127	0	0	584.577535	0	0	0.702570403	2.016995336	-4.32210678	0	0	0	0	0	0	15.84827112	0	0
56	1	49088	0	0	585.3694778	0	0	0.733153851	1.369648179	-4.735854281	0	0	0	0	0	0	18.37784422	0	0
57	1	48839	0	0	586.9276645	0	0	0.724753728	0.986128871	-1.681801471	0	0	0	0	0	0	18.2243955	0	0
58	1	48560	0	0	588.6456362	0	0	0.728506244	0.937587866	-1.622649828	0	0	0	0	0	0	18.56222093	0	0
59	1	48253	0	0	590.5393079	0	0	0.744158985	0.88514816	-1.525211353	0	0	0	0	0	0	19.27394234	0	0
60	1	48094	0	0	591.3982859	0	0	0.760628926	0.835279746	-1.438857801	0	0	0	0	0	0	20.01336836	0	0
61	1	47889	0	0	592.81418	0	0	0.594304747	0.65094055	-1.113716978	0	0	0	0	0	0	20.46401659	0	0
62	1	47730	0	0	593.739605	0	0	0.603886231	0.603691722	-1.000897618	0	0	0	0	0	0	21.34032494	0	0
63	1	47591	0	0	594.8000063	0	0	0.612329433	0.606278442	-1.025343915	0	0	0	0	0	0	21.36901135	0	0
64	1	47417	0	0	596.1253968	0	0	0.624111123	0.561621636	-0.93260928	0	0	0	0	0	0	21.70120466	0	0
65	1	47210	0	0	597.4915382	0	0	0.611653059	0.489185586	-0.811610354	0	0	0	0	0	0	22.57745389	0	0
66	1	47034	0	0	598.7921007	0	0	0.622037276	0.478965799	-0.810232041	0	0	0	0	0	0	22.564328	0	0
67	1	46815	0	0	600.3957949	0	0	0.63670834	0.421133211	-0.719467142	0	0	0	0	0	0	22.66214846	0	0
68	1	46599	0	0	601.9699517	0	0	0.652610458	0.345805132	-0.615268858	0	0	0	0	0	0	22.63540382	0	0
69	1	46437	0	0	602.9370401	0	0	0.664102958	0.295490915	-0.55696577	0	0	0	0	0	0	22.9356541	0	0
70	1	46187	0	0	604.6604077	0	0	0.680739218	0.197931137	-0.420885807	0	0	0	0	0	0	22.71804056	0	0
71	1	45962	0	0	606.2737153	0	0	0.693497032	0.118823297	-0.313910699	0	0	0	0	0	0	22.45792472	0	0
72	1	45752	0	0	607.8110214	0	0	0.707229899	0.044270126	-0.199692953	0	0	0	0	0	0	22.35700311	0	0
73	1	45496	0	0	609.2273508	0	0	0.720774398	-0.020241672	-0.099332596	0	0	0	0	0	0	22.91106782	0	0
74	1	45254	0	0	610.8901883	0	0	0.729344654	-0.067854852	-0.034539597	0	0	0	0	0	0	22.84102075	0	0
75	1	45061	0	0	612.2236991	0	0	0.739095114	-0.082160264	-0.006386986	0	0	0	0	0	0	22.7860098	0	0
