
Wide

Huonoja:

505					44748	0	0	505.914289	614.2813052
509					43666	0	0	509.0977574	620.8469159
* 547					32410	0	0	547.9435618	670.419621			X
559		single		51545	0	0	559.946926	0						X
590		single		48253	0	0	590.5393079	0						X
* 670					32410	0	0	547.9435618	670.419621			X

Hyviä:
529		0	1	2	38137	0	0	529.6967931	648.7050781
614					44748	0	0	505.914289	614.2813052
620					43666	0	0	509.0977574	620.8469159
648		0	1	2	38137	0	0	529.6967931	648.7050781
709					52670	0	0	709.6242043	0
740					50362	0	0	740.2281587	0



Wide2

Vaihdoin tähän:

31672	0	0	549.4620166	672.7667141

Vaihdoin tähän:

27229	0	0	559.0412604	686.1145488

Vaihdoin tähän:

47591	0	0	594.8000063	0

Lisäsin tämän:

49321	0	0	752.3395237	0

Lisäsin tämän:

44248	0	0	800.8814747	0

Lisäsin tämän:

40906	0	0	520.1131956	634.8704879

Lisäsin tämän:

43048	0	0	511.3359227	624.2851672

Lisäsin tämän:

44248	0	0	506.9382743	617.3439037






